,Q1,Q2,Q3,Q4,Q5,Q6,Q7,Q8,Q9,Q10,Q11,Q12,Q13,Q14,Q15,Q16,Q17,Q18,Q19,Q20,Q21,Q22,Q23,Q24,Q25,Q26,Q27,Q28,Q29
0,4,5,5,3,2,5,1,3,1,3,4,1,4,1,3,3,3,5,3,5,5,1,5,3,5,2,3,5,2
1,2,5,3,5,5,5,4,3,4,5,1,1,2,4,3,5,1,5,5,3,2,5,3,2,3,2,3,5,2
2,3,3,4,3,3,5,3,2,3,1,3,1,3,1,2,3,3,3,3,3,3,3,1,5,2,5,1,2,5
3,2,3,4,4,1,3,5,5,5,4,4,5,3,5,5,2,2,3,5,3,2,3,2,3,4,2,3,5,1
4,5,5,1,3,2,5,3,5,5,2,3,5,4,3,3,4,5,3,2,5,3,5,3,2,2,3,5,2,5
5,3,3,4,5,3,5,1,2,3,3,3,1,1,3,3,4,2,5,1,3,3,3,3,1,5,4,3,3,1
6,1,2,4,2,3,4,5,5,4,3,4,5,1,3,3,5,5,3,4,5,2,4,3,5,3,1,3,4,3
7,1,3,5,2,5,1,1,2,5,3,4,4,4,5,5,2,1,3,3,5,4,3,5,3,1,3,5,5,1
8,3,3,5,5,3,5,3,1,4,2,3,1,3,5,4,2,1,1,3,1,5,3,3,3,5,2,1,5,5
9,3,2,3,2,5,5,2,5,3,5,2,5,5,2,5,3,5,5,5,5,5,4,1,3,4,5,1,5,5
10,3,3,3,5,3,5,1,5,3,5,1,3,5,3,1,5,5,4,3,5,2,5,1,1,4,5,4,5,5
11,3,2,2,2,3,5,5,3,2,3,3,3,5,3,5,3,1,3,3,1,5,1,1,5,2,2,1,2,1
12,2,2,3,5,5,3,5,1,5,5,3,2,5,3,1,3,3,4,4,5,1,2,3,1,5,2,2,2,3
13,5,3,1,5,3,3,5,2,4,2,4,3,3,5,5,3,1,2,4,1,5,5,5,2,4,3,2,3,5
14,4,4,5,3,2,3,3,3,3,1,1,4,1,3,3,2,4,4,5,5,3,2,3,4,3,5,4,5,3
15,5,3,1,4,4,2,4,5,3,5,4,5,3,5,3,3,5,3,3,2,2,2,5,1,3,1,3,3,5
16,5,3,3,2,3,3,5,5,5,4,2,1,3,1,3,3,5,2,5,5,5,1,3,3,5,2,5,2,1
17,5,1,1,5,3,3,4,4,4,5,3,1,5,3,4,5,3,3,1,1,2,3,1,5,5,3,3,1,5
18,5,2,5,3,1,5,3,5,4,3,4,3,3,1,1,4,5,5,3,5,3,5,5,2,2,5,5,2,3
19,3,3,1,2,3,5,3,3,1,3,5,1,1,5,2,4,5,4,2,1,1,5,4,2,3,2,3,1,5
20,3,5,5,3,2,5,4,5,5,2,3,3,4,3,1,2,2,5,5,3,5,4,1,5,3,3,1,3,4
21,4,3,5,2,1,3,4,1,1,3,2,1,3,2,4,2,3,1,1,5,2,5,5,3,4,3,5,5,1
22,3,3,1,3,5,3,4,3,3,3,1,5,1,5,5,4,5,5,4,5,2,4,3,4,3,1,2,3,5
23,5,3,2,4,1,2,3,4,5,3,5,5,3,3,3,2,1,3,3,3,5,4,4,1,2,3,5,5,1
24,5,5,4,3,3,3,2,5,3,5,1,5,3,1,4,3,4,2,3,5,1,1,3,4,2,5,3,5,1
25,3,3,5,1,3,3,2,1,5,1,2,5,5,3,1,5,5,5,2,1,5,5,4,4,1,3,3,5,2
26,5,4,4,5,3,4,2,2,1,1,3,3,5,5,1,1,3,2,4,3,5,3,4,1,4,5,3,3,3
27,1,3,5,1,3,3,2,3,4,3,4,5,3,1,3,1,3,3,5,2,5,5,3,5,1,5,3,5,4
28,5,5,3,2,1,5,5,3,3,3,5,5,5,3,3,1,1,2,5,3,2,4,5,3,3,5,3,1,3
29,5,2,5,5,4,3,2,5,5,5,1,4,5,4,5,5,5,3,1,3,4,2,4,3,5,5,3,2,2
30,3,5,2,3,5,2,4,2,2,2,1,5,1,3,4,1,5,3,1,3,1,3,5,5,5,5,1,5,2
31,3,1,5,2,3,1,2,3,3,5,2,5,4,3,3,1,3,3,3,1,3,5,3,3,1,5,1,3,4
32,4,4,2,3,3,3,3,5,5,1,1,2,1,5,1,4,1,2,5,5,3,3,5,3,3,5,3,1,3
33,1,1,3,4,3,5,3,4,1,4,3,1,4,3,3,3,3,5,3,3,1,5,5,4,2,1,5,3,3
34,2,5,5,3,3,4,4,2,5,1,5,3,5,3,5,1,1,4,5,3,3,1,1,2,2,1,3,5,2
35,5,5,1,1,3,2,2,3,5,3,5,3,5,3,4,4,5,3,1,1,4,3,3,3,2,3,5,1,3
36,1,1,1,3,3,5,3,4,2,4,4,5,5,3,5,5,1,5,5,2,3,5,5,5,5,4,5,5,5
37,2,5,3,5,4,4,5,2,5,5,1,5,3,3,3,4,5,5,4,3,4,3,3,5,1,3,3,3,3
38,1,1,4,4,1,3,3,5,1,1,3,5,4,3,5,3,3,5,2,2,1,2,2,3,5,2,5,1,5
39,3,3,3,1,3,3,2,2,5,1,2,3,3,3,1,5,3,5,2,1,5,4,2,5,1,5,4,3,3
40,5,2,2,3,3,3,2,2,5,5,2,3,3,1,4,1,5,2,3,1,3,5,4,4,3,3,5,4,5
41,3,3,2,3,3,2,3,3,3,3,4,1,3,3,5,3,1,5,5,1,5,3,5,5,3,2,2,2,5
42,4,2,3,5,5,2,3,3,2,5,5,2,2,3,2,3,5,4,3,5,3,5,1,3,3,5,2,5,3
43,3,2,2,4,3,3,1,5,2,1,3,2,1,1,1,3,4,3,3,4,5,5,5,5,5,2,3,3,3
44,5,2,3,3,5,1,2,2,2,3,1,1,5,5,4,2,2,3,3,5,1,3,1,3,3,3,1,5,2
45,3,3,3,4,1,5,5,3,2,5,5,3,3,1,4,2,3,3,5,4,3,5,1,3,5,3,3,5,1
46,2,5,1,3,5,3,3,5,5,3,3,3,5,5,3,2,4,5,1,3,5,5,5,3,5,3,4,2,4
47,4,3,1,5,5,5,5,3,5,5,3,5,5,1,3,2,1,1,2,3,1,2,5,5,3,5,2,5,5
48,5,2,3,5,3,3,5,2,3,5,3,2,3,2,3,5,5,3,2,3,5,3,3,4,3,3,1,3,2
49,3,4,5,3,5,3,3,5,3,3,2,1,5,4,3,4,1,3,5,4,5,3,4,5,1,1,5,3,3
50,4,1,3,5,3,3,1,5,3,5,3,2,2,5,4,2,5,5,3,5,2,5,4,1,5,1,2,5,2
51,3,5,5,5,3,1,3,5,3,4,3,3,5,2,5,5,5,3,5,3,5,3,3,3,2,4,5,3,3
52,5,5,1,1,1,3,5,5,5,3,4,5,3,5,5,1,2,4,5,1,5,1,5,5,3,4,5,3,3
53,3,3,2,5,2,4,5,2,5,3,2,5,3,1,5,3,2,3,2,3,2,3,5,2,5,1,3,4,1
54,3,5,5,3,2,3,5,2,5,3,1,1,4,5,2,3,4,4,3,5,2,4,2,2,3,2,5,5,2
55,4,3,3,2,2,5,1,2,4,5,3,3,2,1,4,5,2,4,1,3,3,2,3,5,2,1,3,2,3
56,3,5,2,3,2,2,3,3,5,5,5,5,5,5,3,5,5,1,4,5,2,3,1,5,1,3,2,5,3
57,5,5,3,3,5,2,5,2,5,2,5,3,5,4,4,5,2,2,2,5,4,4,4,3,2,5,4,1,5
58,2,3,5,5,5,4,1,5,3,1,5,1,1,2,4,5,3,5,5,5,2,5,3,1,5,5,4,3,3
59,3,1,5,4,3,3,3,1,1,2,5,5,3,1,2,1,1,5,3,5,1,5,3,3,5,2,3,1,5
60,2,5,2,5,2,2,3,3,1,5,4,2,3,5,5,1,3,4,5,4,5,5,3,3,3,4,3,3,3
61,4,2,5,4,1,5,1,1,3,3,1,5,2,5,3,4,5,5,5,1,3,1,3,1,5,5,5,5,1
62,5,2,2,2,2,4,4,5,4,3,2,1,5,3,5,4,3,5,3,1,2,3,2,1,3,5,3,2,5
63,4,5,5,1,2,5,1,5,5,3,2,4,3,3,2,5,2,3,1,1,3,2,1,5,5,2,2,5,3
64,2,5,4,3,2,2,3,3,1,3,2,3,5,4,1,1,5,5,5,4,5,1,2,1,5,5,3,2,3
65,1,1,5,3,2,4,5,5,5,1,3,4,1,1,1,5,2,4,5,3,2,4,3,3,3,5,5,3,5
66,1,2,5,3,5,5,5,3,3,5,4,2,5,4,4,5,1,5,5,2,4,3,3,5,2,5,2,3,3
67,3,5,5,2,3,3,2,5,5,5,5,5,3,5,1,4,2,1,5,5,2,1,2,3,2,2,5,3,4
68,5,3,3,1,4,5,5,4,5,1,3,2,1,5,5,2,4,5,5,3,5,3,4,2,5,3,3,1,5
69,1,1,5,4,4,3,5,1,5,2,5,4,4,5,1,3,2,1,2,2,4,1,1,5,4,4,4,3,3
70,3,2,3,3,3,3,3,4,4,3,3,4,2,2,1,5,3,2,5,3,2,5,5,3,4,4,4,5,3
71,3,5,4,5,5,3,3,5,5,5,1,4,5,3,5,3,3,3,3,4,5,2,1,1,5,5,4,3,3
72,1,5,5,5,2,3,5,1,5,5,2,5,1,1,2,5,3,3,2,3,5,2,2,5,1,4,2,5,5
73,3,5,3,1,4,1,2,2,5,3,3,3,3,3,1,2,2,4,5,5,2,3,3,5,3,3,5,4,4
74,5,3,3,1,5,5,3,3,5,3,3,3,3,3,3,3,1,1,3,2,5,1,3,2,5,3,3,2,3
75,3,2,3,2,5,2,3,4,3,5,3,3,3,3,4,4,3,2,5,5,5,5,2,3,2,2,5,1,5
76,5,5,5,5,5,3,5,1,3,4,1,5,5,5,1,5,4,4,2,3,4,2,2,5,5,5,1,4,2
77,2,5,5,3,2,1,1,3,4,5,3,5,5,2,3,1,4,2,5,2,5,5,5,5,4,2,4,5,3
78,2,4,3,5,3,2,1,3,3,2,5,1,2,3,1,4,3,3,3,1,1,5,3,3,2,3,1,3,5
79,5,3,5,2,3,3,4,5,1,2,4,3,1,2,3,1,5,3,4,1,3,3,5,3,1,4,1,5,3
80,5,2,3,1,5,5,3,2,3,3,3,3,3,4,1,3,4,5,3,5,4,2,5,5,3,1,5,3,2
81,3,2,3,2,2,3,1,1,1,3,3,3,5,5,2,1,4,2,5,3,2,3,5,4,4,3,1,2,5
82,3,1,1,5,5,3,2,5,1,2,5,4,4,3,4,4,3,3,3,2,3,3,3,3,3,2,1,3,4
83,5,3,1,1,3,5,1,5,4,1,3,5,4,5,5,5,3,1,3,3,3,5,1,4,2,3,2,2,2
84,1,5,5,5,3,3,5,5,5,2,2,3,3,3,4,5,5,3,2,4,1,3,5,4,4,3,5,3,2
85,3,3,4,2,1,5,1,3,2,2,5,3,1,3,5,5,5,1,3,3,5,1,1,5,5,3,3,5,1
86,1,3,3,1,4,1,4,5,5,5,3,4,2,5,1,5,3,1,4,1,3,3,2,2,1,3,3,5,3
87,3,3,5,3,1,2,5,1,5,5,3,3,2,4,3,3,3,2,2,5,4,1,4,5,5,4,5,5,5
88,1,5,3,3,5,5,5,2,5,3,2,5,5,2,3,4,4,3,1,2,1,3,1,5,4,3,5,5,3
89,3,1,5,1,2,2,2,1,1,5,3,5,2,5,5,3,2,3,3,5,3,3,3,1,2,5,4,3,4
90,5,5,3,3,5,1,3,3,3,3,3,5,5,3,2,1,1,3,3,5,5,3,3,3,4,2,2,4,5
91,3,3,1,5,3,4,5,3,1,1,3,4,3,1,1,2,4,5,3,1,5,5,3,5,1,3,1,3,5
92,4,1,5,4,4,4,2,5,1,5,5,5,3,1,3,3,3,2,2,3,3,3,5,3,5,5,5,5,3
93,3,5,3,3,1,3,1,2,1,5,5,5,2,3,2,4,5,3,4,3,3,5,3,1,1,1,5,5,2
94,3,5,1,1,3,3,3,2,3,1,5,5,5,2,5,5,5,3,1,5,5,1,5,2,3,5,1,3,3
95,2,5,3,3,5,1,4,2,1,1,3,5,3,3,5,2,2,3,3,1,1,3,3,2,4,5,2,3,3
96,5,1,5,5,4,3,5,2,1,3,4,2,3,1,4,3,5,5,4,3,5,5,5,5,3,4,2,3,1
97,3,5,4,3,5,3,3,5,3,5,3,4,3,3,3,3,5,5,3,1,2,5,2,2,5,3,1,5,4
98,1,2,5,4,5,4,5,1,1,3,4,1,1,1,2,5,5,1,2,5,3,1,3,3,5,3,2,1,4
99,3,5,2,4,3,3,4,5,3,2,3,3,5,4,3,5,3,1,5,3,5,1,1,5,3,3,1,5,2
100,5,5,3,1,2,4,3,2,2,5,3,2,5,1,1,5,3,2,5,2,5,2,3,3,5,5,3,5,3
101,2,4,5,5,2,5,1,1,5,2,3,3,5,5,3,2,5,5,5,5,5,4,4,1,3,3,5,2,3
102,3,5,5,1,5,3,1,2,5,3,5,5,4,4,5,1,4,1,2,5,4,5,2,3,1,4,3,3,5
103,2,2,2,5,1,1,4,5,3,4,3,5,2,5,3,4,2,1,5,3,4,2,5,5,5,3,2,4,5
104,3,1,3,5,2,4,3,3,5,3,5,5,2,1,3,3,5,4,1,1,3,1,2,2,1,4,4,3,5
105,2,3,3,3,2,5,5,5,2,3,3,3,4,5,3,1,5,5,3,2,2,3,1,1,4,5,3,4,4
106,2,2,5,3,5,3,1,2,3,5,1,2,3,3,3,2,1,3,5,3,3,1,3,5,5,1,3,1,5
107,4,3,3,2,3,1,3,5,1,3,2,2,3,5,1,2,5,5,3,1,5,5,3,3,3,5,5,5,4
108,3,5,5,4,3,1,2,5,2,5,3,5,5,1,3,3,5,2,5,3,2,5,4,5,1,5,3,5,3
109,5,2,3,3,2,5,2,3,5,5,4,5,3,5,5,4,5,5,1,4,4,3,5,1,3,1,5,5,1
110,3,4,3,3,4,2,5,3,3,4,2,3,3,3,5,5,5,5,3,3,2,3,5,1,5,3,5,4,5
111,5,5,2,2,5,4,3,5,1,4,5,3,5,3,2,3,2,2,5,2,4,1,2,5,3,5,5,5,3
112,2,1,3,1,5,4,5,5,5,3,3,3,5,3,3,5,5,3,1,1,5,1,2,5,4,3,5,3,5
113,3,5,2,5,3,5,3,2,3,3,5,3,2,5,3,4,3,2,3,1,5,3,3,3,3,2,1,1,3
114,3,4,3,5,1,4,3,3,2,2,5,1,3,1,5,2,5,3,2,5,3,1,5,2,5,2,3,1,3
115,5,3,5,3,5,1,3,4,5,3,3,1,5,3,5,2,3,2,5,3,1,3,5,2,3,3,5,4,5
116,2,3,5,3,1,3,1,3,3,3,1,5,2,3,2,3,5,1,4,5,5,3,1,3,3,1,1,4,3
117,1,3,2,2,3,5,2,4,3,3,3,1,3,3,1,3,5,1,2,5,5,5,3,1,3,5,5,5,2
118,1,2,1,3,5,5,1,1,3,1,2,5,5,3,1,4,2,2,3,3,5,3,1,3,5,3,5,3,5
119,2,3,4,3,1,2,1,5,2,3,2,1,2,2,5,5,1,1,5,4,5,1,4,3,4,1,2,1,3
120,2,3,5,3,3,3,3,2,4,5,3,2,1,3,4,5,3,5,1,5,3,5,4,2,1,3,1,3,2
121,3,5,3,2,1,3,5,2,3,1,3,2,3,2,3,2,5,2,3,5,3,2,3,3,2,1,3,3,2
122,4,3,5,5,1,2,5,5,5,3,3,3,2,3,2,5,3,2,2,1,5,5,4,5,1,2,5,5,4
123,5,3,3,1,3,5,5,3,5,2,4,1,1,3,5,2,4,5,1,5,3,2,5,3,2,4,4,3,4
124,2,1,5,2,3,5,4,1,5,5,3,3,3,2,2,2,2,3,3,5,1,1,3,1,4,3,5,1,5
125,1,2,4,1,5,5,1,3,5,1,2,1,1,4,5,1,2,5,3,3,3,5,4,3,5,5,2,3,1
126,5,4,1,3,5,4,1,3,3,1,5,3,5,1,1,3,5,3,5,5,3,5,5,2,3,3,3,5,3
127,2,1,3,3,3,5,3,3,5,3,2,2,2,4,1,3,3,5,4,3,3,2,4,1,5,1,1,3,3
128,2,3,5,3,5,1,1,5,2,5,5,5,5,3,1,3,5,1,3,2,5,1,3,1,1,5,3,2,5
129,4,2,1,2,5,5,2,2,5,2,4,5,1,3,1,1,3,4,3,4,2,4,2,1,4,2,3,5,1
130,1,3,4,3,5,3,5,1,3,4,5,5,1,3,5,5,5,5,3,2,5,2,5,1,3,3,3,3,1
131,5,1,2,5,5,2,5,1,1,3,2,1,5,2,3,2,5,1,1,5,5,2,3,2,1,3,2,3,5
132,3,5,1,4,2,3,2,5,5,1,5,1,1,5,5,2,1,2,1,5,1,5,5,5,1,4,3,3,3
133,4,5,3,5,1,1,4,3,2,5,5,3,3,5,1,1,1,4,3,5,5,5,5,2,5,4,3,4,3
134,3,3,4,1,1,1,5,3,2,5,2,4,5,2,4,1,3,3,2,3,2,5,3,3,5,3,5,1,3
135,2,1,4,3,3,4,3,5,3,3,5,1,5,2,2,5,5,1,2,1,1,3,4,5,1,3,3,3,5
136,2,2,1,5,3,5,1,3,2,3,3,5,5,1,5,2,3,5,5,5,1,5,2,5,5,5,1,5,5
137,3,3,2,3,2,1,1,2,3,5,3,3,3,4,1,3,4,5,5,5,3,4,5,1,4,3,3,1,3
138,4,3,5,5,3,4,3,3,3,2,2,3,3,5,5,1,5,3,2,5,2,5,4,2,5,5,5,3,1
139,3,1,5,3,4,1,2,5,5,3,5,3,2,3,5,2,5,3,5,5,3,1,2,5,1,3,2,3,3
140,4,5,3,3,5,3,5,3,3,1,5,3,5,3,2,2,1,5,1,3,2,2,2,3,5,5,3,5,1
141,5,5,5,3,1,2,4,5,3,2,5,4,4,1,2,2,5,2,3,2,3,2,1,1,3,3,3,2,5
142,3,3,5,3,2,5,3,3,1,5,3,1,3,2,5,3,1,3,2,1,1,5,2,3,5,3,3,5,1
143,1,5,3,1,1,5,5,1,4,2,5,5,1,2,2,1,4,1,3,1,5,3,5,3,2,5,2,4,5
144,3,1,5,5,1,3,1,4,5,3,5,3,2,2,1,2,5,1,3,1,3,3,1,1,5,1,3,2,5
145,5,1,3,5,1,5,1,3,2,1,3,5,5,3,5,2,1,5,1,3,5,4,4,3,3,5,1,1,5
146,5,5,1,4,1,5,3,3,4,5,1,3,3,2,3,4,2,5,1,1,5,5,3,4,3,3,1,5,2
147,3,3,1,1,4,3,5,5,2,5,4,1,2,3,4,5,5,2,5,5,4,2,5,5,3,2,5,4,3
148,4,3,5,1,1,4,4,3,5,5,5,4,3,3,5,5,5,5,1,4,3,2,5,5,3,2,2,1,3
149,5,5,2,5,3,3,1,5,3,5,5,1,5,1,5,3,4,1,1,1,2,3,2,5,1,5,1,5,5
150,5,4,3,3,3,4,1,5,5,3,2,1,5,1,2,2,2,3,5,5,2,5,3,4,1,2,3,1,3
151,2,3,5,2,5,3,1,2,2,4,5,1,3,5,1,5,2,3,4,2,4,3,5,1,2,5,4,2,3
152,1,3,2,3,4,5,3,5,2,1,2,3,5,3,5,3,5,1,5,5,5,5,3,2,3,3,2,1,5
153,2,1,5,5,3,1,3,4,5,3,5,2,1,4,4,1,4,2,4,1,2,3,3,2,5,5,5,3,5
154,2,2,3,2,1,5,5,4,2,5,3,3,5,1,4,3,3,3,5,3,3,3,5,3,5,5,5,1,4
155,2,2,2,1,4,3,5,5,4,5,3,2,5,1,3,2,2,2,3,1,5,2,3,5,2,3,3,5,3
156,4,1,1,5,4,5,1,3,3,1,3,5,2,5,2,5,1,5,3,3,3,5,1,1,3,3,3,3,1
157,1,1,4,2,3,2,4,5,4,5,3,4,3,5,3,2,3,2,5,1,3,2,3,1,5,2,2,5,5
158,5,3,1,4,1,4,1,4,2,5,3,3,3,5,2,4,2,3,2,3,3,5,5,2,3,3,2,3,5
159,1,4,2,5,5,3,3,3,3,4,2,4,4,1,3,3,5,2,5,4,1,3,5,1,2,1,4,5,5
160,5,3,5,5,3,3,3,2,5,1,3,2,3,3,2,4,5,3,2,5,1,5,1,2,5,1,5,1,3
161,5,1,3,3,3,3,3,5,2,3,3,4,2,2,3,2,5,1,1,3,5,5,2,3,1,5,5,5,5
162,5,1,3,5,5,5,3,3,2,2,3,3,1,3,3,3,5,5,3,4,5,4,5,5,1,4,2,5,5
163,3,3,3,5,3,2,2,1,2,5,4,1,3,2,2,1,5,5,3,4,3,3,3,5,5,2,5,5,3
164,5,3,4,3,5,2,5,2,5,1,5,5,3,1,5,4,3,1,1,3,3,1,5,2,1,5,4,3,3
165,3,1,3,4,1,1,5,1,3,3,5,5,2,5,5,5,5,5,1,3,3,3,3,3,3,1,2,5,3
166,2,2,1,3,5,4,5,1,1,5,2,3,2,2,5,5,3,3,3,4,4,1,4,3,1,5,5,2,5
167,3,5,3,1,4,5,5,3,2,3,3,4,1,4,2,3,5,1,3,3,3,2,3,4,3,3,5,5,5
168,5,3,3,4,3,5,2,3,5,5,2,5,5,3,3,5,1,1,4,5,2,3,3,3,5,3,1,1,5
169,5,2,4,2,3,5,2,1,3,5,3,5,5,5,3,5,2,3,3,1,3,1,1,5,1,1,5,3,5
170,3,3,3,2,2,1,3,3,4,1,4,3,4,1,1,3,5,1,5,5,3,3,5,3,4,5,1,3,2
171,2,3,3,4,4,5,5,3,5,3,5,2,2,2,5,5,2,5,2,5,2,2,2,4,4,4,5,1,5
172,4,5,2,2,2,3,3,4,3,3,1,5,5,1,2,4,1,1,3,3,4,3,3,5,5,1,1,3,5
173,1,5,2,2,1,3,5,4,5,2,2,2,5,4,1,5,3,5,2,1,5,3,1,3,5,2,2,4,2
174,5,1,5,2,4,5,5,3,1,3,4,1,2,3,5,5,2,2,3,1,2,4,3,3,2,4,5,5,1
175,3,5,2,1,1,5,2,3,5,3,1,3,2,5,1,5,3,2,1,5,4,5,1,3,5,5,4,3,5
176,1,5,3,5,2,2,4,2,3,4,5,2,5,4,3,2,3,1,1,2,3,3,3,3,5,4,5,2,3
177,1,1,5,2,5,5,3,3,5,1,3,5,1,1,4,1,2,3,3,3,5,3,2,5,1,3,4,1,5
178,5,5,5,3,4,1,5,1,3,4,3,5,5,1,3,1,1,3,4,1,5,3,3,4,4,3,4,5,5
179,2,5,2,3,1,5,3,3,4,2,3,5,3,3,5,5,1,3,3,1,3,3,3,2,4,5,3,3,3
180,1,3,4,3,5,5,4,3,1,3,5,4,3,3,1,1,5,5,4,3,5,3,2,4,3,1,3,5,1
181,5,5,2,5,1,5,2,5,5,3,5,2,3,4,5,1,1,3,2,5,5,5,3,3,1,5,4,2,3
182,2,3,5,5,3,3,1,3,2,2,5,2,3,4,5,5,3,3,3,3,3,2,3,5,5,2,5,5,4
183,2,1,5,3,3,2,4,3,5,3,1,2,4,4,1,2,3,5,2,5,2,2,3,3,1,3,2,4,5
184,5,5,4,4,3,3,2,5,1,3,5,1,4,2,5,3,5,3,5,4,2,5,5,2,3,4,2,1,5
185,2,3,3,5,5,4,5,2,3,3,5,5,3,3,5,3,5,5,5,3,2,3,1,5,3,2,3,3,5
186,5,2,5,1,5,5,4,5,3,5,4,1,5,5,3,4,3,5,5,1,2,3,5,2,5,5,3,1,3
187,4,4,4,4,3,3,1,4,4,3,2,5,1,5,5,5,5,5,1,2,1,4,3,4,5,3,5,5,3
188,2,2,1,1,3,3,5,1,2,3,4,2,5,2,3,2,3,4,4,2,5,5,1,3,5,1,3,3,4
189,3,3,5,1,1,1,2,5,5,4,3,5,1,3,1,4,5,2,5,2,5,5,5,2,5,3,1,5,2
190,5,4,3,3,5,5,5,2,2,3,5,5,2,5,1,5,5,3,1,3,2,5,2,3,5,4,5,3,1
191,5,3,5,3,4,1,1,5,5,5,2,5,5,2,5,3,5,5,2,3,5,4,3,1,2,3,5,5,1
192,5,1,4,5,4,2,1,3,3,3,1,3,1,5,5,5,1,5,5,4,1,2,2,2,3,2,5,5,3
193,3,5,2,3,3,3,1,4,3,3,3,5,1,4,3,5,5,2,3,5,3,3,2,2,5,4,3,5,1
194,1,5,1,2,1,4,2,4,3,1,2,1,3,5,5,4,4,3,3,1,5,3,4,4,5,2,3,3,1
195,5,3,2,2,3,5,2,5,5,5,2,4,3,5,5,1,5,3,3,1,2,4,5,1,3,5,5,1,3
196,3,2,3,2,1,2,1,2,5,5,3,5,5,4,3,5,3,3,5,1,1,1,5,2,3,5,3,5,4
197,1,3,5,5,1,5,3,4,5,4,5,2,3,5,5,2,2,5,3,5,3,5,5,3,5,2,5,5,4
198,2,5,5,5,4,5,3,4,5,5,5,1,5,2,5,5,1,3,1,3,5,3,5,5,1,3,2,3,3
199,5,2,4,3,4,5,3,2,3,3,3,2,2,5,5,3,5,4,1,1,1,2,2,1,3,5,3,3,4
200,1,5,4,1,3,5,5,5,3,4,3,5,1,3,5,2,3,1,1,1,5,3,3,4,4,5,5,3,1
201,5,2,3,2,4,2,5,3,1,5,2,2,4,3,3,4,5,5,5,3,4,5,3,5,5,4,3,3,3
202,5,2,5,5,4,3,1,3,1,5,1,1,2,3,4,2,3,5,5,5,5,5,3,1,4,3,3,3,1
203,3,5,2,4,3,5,3,3,5,1,3,1,5,2,1,5,5,3,5,2,2,3,4,2,1,5,1,3,4
204,5,5,3,3,5,5,5,5,3,3,4,5,5,5,5,5,5,4,4,4,4,3,5,1,5,1,3,5,3
205,5,1,3,2,4,4,5,5,4,5,3,4,1,4,5,3,5,3,2,5,3,3,5,5,5,3,3,3,2
206,3,3,3,1,3,3,2,5,5,1,5,5,2,3,1,2,1,1,3,5,5,2,5,3,3,3,1,5,5
207,2,1,4,5,3,5,5,4,3,2,1,4,3,4,2,4,1,5,3,5,1,5,3,4,2,2,5,3,3
208,4,3,1,4,2,3,4,5,2,5,2,3,5,5,5,2,5,1,5,3,3,5,5,5,4,5,2,1,5
209,2,2,5,5,3,3,3,4,4,3,2,5,5,1,1,3,4,1,1,4,1,5,3,3,1,5,5,4,3
210,3,3,1,5,4,5,5,3,5,3,1,5,2,3,3,4,4,3,5,3,5,1,2,3,4,3,4,2,3
211,5,3,2,1,3,5,5,4,5,1,5,4,2,5,3,5,5,3,4,5,5,5,1,1,5,3,3,5,3
212,4,3,1,3,1,5,1,1,4,3,1,5,3,5,3,2,3,2,1,5,3,1,2,3,2,5,5,3,5
213,2,3,5,3,5,2,5,3,3,2,5,5,3,5,4,4,5,5,3,5,1,1,4,3,3,1,5,1,1
214,3,2,5,5,1,4,5,5,3,3,5,3,5,2,4,5,4,5,5,5,5,3,5,3,2,5,5,5,5
215,3,2,4,2,5,4,3,1,3,1,5,2,5,1,4,3,5,5,5,4,2,3,5,3,5,1,3,1,5
216,2,3,2,3,2,2,5,5,5,5,4,5,5,1,1,5,3,5,2,3,3,1,5,3,3,3,4,5,4
217,3,5,5,4,3,5,5,5,5,1,3,5,2,3,5,5,1,4,3,5,3,3,3,4,2,5,1,3,2
218,3,1,1,3,3,2,2,2,3,2,2,5,1,5,3,3,3,1,2,3,5,2,3,5,5,3,1,1,2
219,1,1,3,2,1,2,2,5,5,3,3,4,3,4,5,3,5,1,5,3,2,1,2,5,1,3,5,5,3
220,5,5,3,1,3,1,3,2,2,4,3,3,1,5,3,3,2,4,5,5,5,5,5,4,3,5,3,1,3
221,1,2,2,2,2,5,5,2,5,4,2,3,1,2,5,5,2,3,3,3,5,3,2,3,2,1,5,4,1
222,1,5,1,2,3,3,3,3,3,3,5,1,1,4,5,4,1,5,5,3,2,5,3,1,2,3,3,3,2
223,5,3,5,1,1,3,4,5,5,2,2,5,5,3,5,5,1,5,1,1,4,2,2,3,5,3,4,1,3
224,4,2,1,2,2,3,3,1,3,2,3,3,5,5,5,4,5,5,3,1,3,5,3,5,4,5,5,5,3
225,2,3,3,5,2,5,2,4,4,4,5,2,5,3,4,5,3,5,5,2,3,5,2,3,5,1,5,2,5
226,3,5,2,3,2,3,4,3,3,3,5,4,3,4,3,4,5,1,1,5,1,3,2,5,3,3,2,3,5
227,1,3,2,5,1,2,1,3,5,5,2,4,4,5,5,5,5,5,1,1,2,5,1,4,3,3,4,3,3
228,1,2,3,5,5,3,1,3,5,5,3,3,3,1,2,4,4,1,1,3,5,3,3,1,5,5,3,4,2
229,5,4,3,5,3,3,1,2,2,3,3,5,2,1,1,5,3,4,1,3,5,1,5,2,5,5,5,4,3
230,1,1,2,4,2,4,3,3,5,3,5,1,1,3,5,3,1,3,5,5,2,1,2,4,3,3,3,2,2
231,5,3,3,2,5,3,5,3,3,3,5,5,2,5,1,4,2,3,5,4,5,5,5,3,3,5,4,2,3
232,3,3,4,4,5,3,5,4,1,3,3,3,3,4,3,1,3,5,3,1,3,4,2,5,5,2,5,4,5
233,3,3,4,3,1,2,2,4,5,2,4,4,3,2,2,5,3,3,1,2,4,2,3,3,2,3,5,5,4
234,1,3,3,3,3,3,3,3,5,4,5,1,4,1,4,5,5,5,5,2,3,2,1,4,5,1,2,3,2
235,5,5,5,3,5,3,5,1,5,5,5,5,3,2,3,2,5,3,5,3,4,3,3,4,3,5,3,4,2
236,5,3,5,5,1,3,1,4,2,3,3,1,1,5,3,5,1,2,3,5,1,1,5,5,5,2,3,3,4
237,3,5,5,5,3,5,1,2,5,4,5,1,4,5,1,5,5,3,4,5,5,1,5,2,3,4,2,1,5
238,2,3,5,1,2,1,3,5,3,3,5,5,4,3,5,2,3,5,5,1,5,3,2,2,3,1,3,3,3
239,5,3,3,2,5,5,3,1,3,2,1,3,5,5,3,2,5,4,2,4,3,5,1,2,2,5,3,1,2
240,1,3,2,3,2,3,4,1,3,3,4,3,5,5,5,3,3,5,3,4,5,5,3,5,3,3,3,4,5
241,3,3,2,5,3,4,4,5,1,5,3,5,5,2,5,3,5,1,1,4,3,5,3,1,1,3,1,2,3
242,2,3,5,1,1,1,4,1,3,1,1,3,4,3,3,3,1,3,5,1,4,5,3,2,3,5,2,5,5
243,2,3,5,5,5,3,4,3,5,5,3,5,1,3,5,2,3,3,5,1,4,5,1,5,3,5,5,2,4
244,5,3,5,3,5,1,5,3,4,2,3,4,1,2,2,5,5,2,2,4,3,3,3,5,2,1,5,2,1
245,5,4,2,1,4,4,3,3,2,3,5,1,5,2,3,2,2,3,5,5,5,1,5,2,3,1,2,3,5
246,5,5,1,3,5,2,2,3,5,2,2,1,2,5,2,5,5,3,3,3,3,3,4,1,5,3,2,1,5
247,3,5,5,3,5,1,2,4,1,5,3,5,3,1,2,1,3,5,1,5,1,1,2,1,4,3,5,4,1
248,2,3,3,5,1,3,3,5,2,4,3,5,3,5,4,3,2,1,4,3,2,3,5,4,3,5,4,3,3
249,1,1,5,5,2,3,3,5,3,4,3,1,5,5,4,3,3,3,5,3,1,3,3,1,3,1,3,2,5
250,3,5,1,3,3,4,5,5,5,1,4,5,5,1,3,5,2,4,5,4,2,5,3,2,3,4,3,3,2
251,1,4,5,3,1,3,2,3,1,5,2,4,4,3,2,5,3,4,5,2,5,4,2,5,1,5,2,1,1
252,4,2,5,3,1,3,5,4,1,3,4,5,3,1,3,3,3,1,1,3,2,5,2,1,4,5,5,3,5
253,5,5,2,3,5,1,1,2,1,5,3,4,4,5,5,5,3,5,5,5,4,5,5,3,3,1,5,4,5
254,2,5,1,3,3,5,4,5,5,3,2,3,3,1,5,3,4,5,3,5,1,5,2,3,3,3,3,5,3
255,5,3,5,2,2,5,3,3,2,5,3,3,1,4,5,1,2,5,4,3,2,5,1,3,3,3,2,3,5
256,5,3,2,1,2,2,4,5,1,2,1,3,2,3,1,3,4,1,3,1,3,2,4,5,5,5,2,4,2
257,1,5,3,3,3,4,4,5,2,2,3,5,5,5,5,3,3,3,5,1,4,3,2,3,5,4,5,2,3
258,1,1,2,3,3,4,5,4,4,4,5,4,5,4,5,5,3,3,2,2,1,1,3,2,2,3,3,1,1
259,3,5,1,5,1,3,5,5,4,5,3,2,5,2,5,3,2,2,5,3,1,5,3,3,5,1,5,2,1
260,3,4,1,3,1,5,1,1,4,1,5,5,2,4,2,5,3,5,4,3,5,2,3,3,3,1,4,1,4
261,3,5,4,2,3,1,3,5,5,5,3,3,5,3,1,3,4,5,2,1,2,3,5,5,5,5,5,3,1
262,1,4,1,5,4,3,3,3,1,5,1,1,3,3,5,1,5,1,2,2,5,5,3,3,3,1,3,1,1
263,1,4,4,5,3,2,3,3,2,5,5,3,2,5,3,4,5,3,5,3,1,5,1,3,4,5,4,1,4
264,3,3,2,4,5,3,1,1,5,3,3,5,5,1,5,2,3,1,1,2,3,2,4,5,3,3,5,2,5
265,2,5,2,3,5,3,2,4,1,5,5,3,5,3,2,2,2,2,3,4,3,3,3,5,1,5,1,5,4
266,2,5,1,3,5,2,5,1,4,4,4,3,5,1,1,1,3,4,3,5,3,2,5,3,4,4,1,5,1
267,4,3,1,5,3,2,5,3,4,4,3,3,3,5,5,2,5,3,5,2,3,3,4,3,2,2,3,1,3
268,3,2,3,4,1,2,3,3,2,4,3,5,1,3,5,5,4,1,5,3,2,5,3,5,3,5,2,4,3
269,5,5,4,1,2,1,5,3,4,5,3,3,3,4,3,3,5,2,1,3,3,5,2,5,4,5,1,5,1
270,3,5,5,5,1,2,1,3,3,3,3,3,2,3,1,3,3,1,3,2,3,3,5,3,5,4,3,3,5
271,1,3,3,3,5,3,5,5,3,3,1,1,1,1,1,3,3,2,5,5,5,5,3,3,3,5,3,5,2
272,3,5,2,3,5,3,3,5,5,5,3,2,5,3,2,5,1,2,1,4,5,5,5,1,1,5,3,3,1
273,2,3,3,1,5,5,2,3,1,1,3,2,3,3,5,5,5,1,3,2,5,4,5,5,3,5,5,1,3
274,2,5,4,3,5,3,3,5,3,2,3,3,3,2,5,1,2,5,5,2,4,4,4,3,5,2,3,5,5
275,2,3,2,2,4,3,3,1,3,3,5,1,3,5,2,3,5,2,3,3,4,2,1,2,4,5,5,3,5
276,5,5,3,3,1,5,3,5,2,3,4,5,1,3,1,2,4,5,1,1,5,3,1,1,2,1,3,4,3
277,5,2,3,3,5,3,5,3,2,5,5,5,3,4,3,4,3,5,1,5,5,2,2,3,3,4,2,2,3
278,5,2,3,2,3,5,3,3,1,3,3,3,3,1,5,5,5,5,4,3,5,1,3,3,5,5,1,1,2
279,5,2,3,5,2,5,1,3,1,5,3,1,5,1,5,3,3,2,5,5,2,1,4,3,5,5,3,5,1
280,3,5,2,1,1,4,1,3,3,3,2,3,1,4,4,4,5,3,5,3,3,1,5,5,5,5,3,5,1
281,1,3,5,4,1,2,2,5,5,4,3,2,3,3,2,5,5,5,4,1,3,2,5,4,5,5,5,2,5
282,4,1,3,2,1,2,3,2,5,2,1,5,1,5,4,2,5,5,3,3,5,1,2,4,3,1,5,1,5
283,5,4,1,3,3,3,1,4,1,2,2,2,5,3,2,1,5,4,3,5,5,4,2,3,2,3,5,3,5
284,3,2,5,3,1,5,2,4,2,2,1,2,2,1,5,5,2,3,5,3,5,3,3,2,2,5,1,2,2
285,4,4,3,5,1,1,3,5,5,5,1,1,1,1,5,3,5,4,3,1,1,3,4,5,2,5,2,3,5
286,2,3,3,5,3,5,1,3,5,3,2,1,1,3,5,3,5,3,3,3,5,5,3,3,1,3,2,3,5
287,2,1,3,3,4,3,1,1,4,3,2,1,5,5,3,2,5,1,2,5,3,5,1,3,1,2,3,5,2
288,3,2,2,5,4,5,5,1,5,3,3,4,3,1,2,3,3,2,3,1,1,3,3,4,1,5,1,1,3
289,5,5,2,3,1,2,1,3,2,5,1,4,3,3,3,3,4,2,3,2,3,5,3,3,1,2,4,4,3
290,3,1,3,5,5,3,2,2,5,3,5,3,5,5,5,5,1,3,4,3,3,5,3,5,5,1,4,3,1
291,3,5,4,3,5,1,5,5,3,1,4,2,4,5,5,1,3,5,3,5,5,2,1,5,3,5,5,3,3
292,1,1,3,3,5,3,3,5,1,4,5,1,4,3,1,1,3,5,4,5,4,3,2,3,3,4,5,3,3
293,3,1,1,2,5,5,2,5,3,5,1,2,5,2,4,3,5,2,3,1,3,4,5,5,4,1,3,1,3
294,5,3,3,5,2,1,1,5,3,4,3,2,5,2,2,2,1,1,3,1,5,5,5,1,5,3,4,2,3
295,4,1,5,3,3,3,2,1,5,3,3,5,5,3,4,5,2,3,4,3,4,2,4,5,3,5,2,2,3
296,1,3,1,3,3,3,2,5,2,5,5,1,2,2,4,5,5,3,5,3,5,1,5,2,3,5,2,4,3
297,5,4,5,5,3,2,5,4,3,2,3,5,5,1,1,1,3,5,5,4,1,1,3,5,4,5,3,5,2
298,2,5,5,3,1,4,5,3,1,2,4,2,5,4,2,5,5,3,3,1,4,5,2,2,1,2,3,4,1
299,5,2,3,1,3,1,3,5,4,5,3,2,4,3,5,5,5,2,2,1,2,3,2,2,5,3,3,5,5
300,3,1,5,5,3,3,5,1,3,5,5,3,1,3,5,3,3,5,5,5,3,5,2,5,5,2,3,5,3
301,1,1,5,5,1,5,5,3,5,5,3,4,3,5,1,5,2,4,5,2,2,3,3,5,2,1,5,5,4
302,2,3,3,2,5,2,3,5,4,4,1,3,4,2,1,3,3,4,3,2,5,3,5,3,5,3,5,3,5
303,3,3,2,1,5,5,5,4,5,3,5,2,3,1,5,2,5,4,2,3,1,2,5,5,4,5,5,5,5
304,5,4,3,2,5,2,5,1,3,5,3,5,3,4,5,3,5,4,5,5,5,1,5,3,3,2,1,3,3
305,5,5,3,1,3,3,5,1,5,1,5,5,5,1,5,3,5,5,3,5,1,4,4,3,5,3,3,3,1
306,1,3,1,5,5,3,1,5,3,1,2,4,1,5,4,3,5,1,2,2,2,2,5,5,3,5,1,5,5
307,3,3,1,3,3,3,5,1,5,3,5,2,2,2,5,3,5,3,2,5,1,5,5,2,3,4,3,3,5
308,2,5,4,5,5,3,4,3,5,4,4,5,2,3,5,3,3,5,3,5,3,5,5,3,3,5,1,3,2
309,3,2,3,3,5,5,3,5,5,4,4,5,1,5,5,2,3,5,3,5,3,2,2,3,1,5,3,2,1
310,4,1,5,5,1,3,5,3,2,2,5,2,3,2,3,1,3,1,3,2,1,5,5,4,3,3,5,1,3
311,3,3,5,1,3,1,4,5,5,5,4,3,5,5,4,3,5,4,2,2,5,5,4,5,3,1,2,5,3
312,3,5,5,2,2,5,1,4,5,2,5,5,1,2,2,1,2,2,1,4,1,5,5,2,5,1,4,3,5
313,1,5,5,5,2,5,5,5,4,5,2,5,1,1,3,5,1,5,3,3,3,4,1,3,2,5,3,5,4
314,5,5,3,1,3,5,4,1,1,1,2,4,4,5,3,2,5,3,3,3,1,1,2,1,2,5,5,3,4
